38168053
38168051
38167962
38167945
38167875
38167816
38167779
38167785
38167770
38167752
38167697
38167610
38167547
38167323
38167292
38167120
38167079
38167077
38166977
38166920
38166875
38166857
38166782
38166741
38166698
34747034
38166577
38166506
38166364
38166229
38166102
38166049
38166050
38165842
38165834
38165818
38165734
38165572
38165611
38165489
38165413
38165354
38165276
38165259
38165224
38165196
38165172
38165080
38165072
38164989
38164970
38164891
38164719
38164670
38164617
38164493
38164525
38164415
38164371
38164346
38164279
38164198
38164059
38164049
38163967
38163942
38163938
38163756
38163691
38163629
38163476
38163291
38163145
38163080
38162890
38162887
38162858
38162839
38162750
38162654
38162624
38162612
38162404
38162523
38162511
38162461
38162106
38161977
38161937
38161922
38161923
38161840
38161741
38161485
38161449
38161378
38161284
38161288
38161196
38160740
38160677
38160662
38160543
38160455
38160427
38160160
38064728
38159979
38159856
38159791
38159654
38159478
38159288
38159217
38159090
38159060
38159066
38158967
38158760
38158678
38158271
38158502
38158455
38158287
38158279
38158054
38158029
38157910
38157890
38157731
38157563
38157471
38157325
38157164
38157144
38156816
38156586
38156408
38156335
38156125
38155984
38155813
38155790
38155787
38155747
38155711
38155623
38155562
38155524
38155186
38155378
38154948
38154930
38154830
38154721
38154672
38154662
38154518
38154241
38154224
38153884
38153769
38153155
38153121
38153098
38153019
38152915
38152756
38152676
38152621
38152504
38152498
38152418
38152396
38152172
38152168
38152149
38151977
38151657
38150234
38151529
38151514
38151375
38151197
38151135
38151020
38150954
38150732
38150340
38150249
38150226
38150207
38150151
38150132
38149924
38149777
38149661
38149642
38149609
38149477
38149464
38149452
38149423
38149159
38149041
38149024
38148998
38148752
38148673
38148501
38148397
38147912
38147712
38147556
38147493
38147501
38147497
38147369
38147254
38147021
38146950
38146907
38146902
38146886
38146719
38146675
38146356
38146297
38146177
38146174
38146069
38145930
38145482
38145433
38145374
38145337
38145156
38145225
38145115
38144949
38144904
38144775
38144728
38144599
38144595
38144557
38144384
38144331
38143882
38143865
38143777
38143773
38143427
38143418
38143417
38143362
38143288
38143192
38143168
38143093
38142902
38142878
38142803
38142753
38142488
38142461
38142250
38142202
38142163
38142103
38142067
38141967
38141850
38130355
38023685
37893872
37527124
37346058
35256867
38165951
38161978
38160634
38159560
38155940
38154059
38153741
38152851
38150546
38147564
38146644
38146623
38143314
38142813
38141787
38168128
38168110
38168059
38168191
